1 0 1 -21.529850746268657 192738.9240904851 -21.26260634328358 0 1 0 0
1 0 1 -33.52985074626866 421735.9240904851 -23.282606343283582 0 1 0 0
1 0 0 -34.52985074626866 -53457.07590951491 -16.67260634328358 0 1 0 0
1 0 1 -35.52985074626866 217795.9240904851 -24.23260634328358 0 1 0 0
1 0 1 -35.52985074626866 358432.9240904851 -18.74260634328358 0 1 0 0
1 0 1 -26.529850746268657 339082.9240904851 -22.38260634328358 0 1 0 0
1 0 1 -29.529850746268657 -140498.0759095149 -21.86260634328358 0 1 0 0
1 0 0 -23.529850746268657 -128588.07590951491 -17.25260634328358 0 1 0 0
1 0 0 -33.52985074626866 -103097.07590951491 -17.16260634328358 0 1 0 0
1 0 0 -31.529850746268657 -95355.07590951491 -21.15260634328358 0 1 0 0
1 0 0 -33.52985074626866 -112920.07590951491 -19.37260634328358 0 1 0 0
1 0 1 -23.529850746268657 156301.9240904851 -23.13260634328358 0 1 0 0
1 0 1 -20.529850746268657 209702.9240904851 -21.01260634328358 0 1 0 0
1 0 1 -25.529850746268657 383615.9240904851 -19.16260634328358 0 1 0 0
1 0 0 -21.529850746268657 -1257.0759095149115 -19.392606343283582 0 1 0 0
1 0 0 -28.529850746268657 -4883.0759095149115 -15.932606343283581 0 1 0 0
1 0 0 -39.52985074626866 30389.92409048509 -21.88260634328358 0 1 0 0
1 0 0 -22.529850746268657 -60116.07590951491 -18.392606343283582 0 1 0 0
1 0 1 -24.529850746268657 553481.9240904851 -21.97260634328358 0 1 0 0
1 0 0 -25.529850746268657 71336.92409048509 -18.83260634328358 0 1 0 0
1 0 1 -26.529850746268657 129248.92409048509 -24.81260634328358 0 1 0 0
0 1 1 9.470149253731343 -154073.0759095149 8.00739365671642 1 0 0 0
0 1 0 17.470149253731343 -184956.7009095149 16.407393656716422 1 0 0 0
0 1 1 10.470149253731343 -196538.9196595149 8.25739365671642 1 0 0 0
0 1 1 8.470149253731343 53863.58034048509 -7.04260634328358 1 0 0 0
0 1 0 8.470149253731343 -138466.9509095149 7.20739365671642 1 0 0 0
1 0 1 12.470149253731343 79495.08034048509 5.157393656716419 1 0 0 0
0 1 1 -8.529850746268657 239573.9240904851 -22.61260634328358 0 1 0 0
0 1 0 -26.529850746268657 -198065.0759095149 -23.49260634328358 0 1 0 0
0 1 0 -34.52985074626866 -55218.07590951491 -22.31260634328358 0 1 0 0
0 1 0 -28.529850746268657 101963.92409048509 -19.77260634328358 0 1 0 0
0 1 0 14.470149253731343 -289335.5134095149 6.607393656716418 1 0 0 0
0 1 1 -28.529850746268657 257521.9240904851 -17.04260634328358 0 1 0 0
0 1 0 -22.529850746268657 -22031.07590951491 -16.04260634328358 0 1 0 0
0 1 1 -16.529850746268657 395243.9240904851 -4.54260634328358 0 1 0 0
0 1 1 -12.529850746268657 283300.9240904851 -16.54260634328358 0 1 0 0
0 1 0 -17.529850746268657 -156873.0759095149 -18.04260634328358 0 1 0 0
0 1 1 -20.529850746268657 535882.9240904851 -20.04260634328358 0 1 0 0
0 1 1 -16.529850746268657 -136815.0759095149 -9.04260634328358 0 1 0 0
0 1 1 -15.529850746268657 31156.92409048509 -4.54260634328358 0 1 0 0
0 1 1 -15.529850746268657 113674.92409048509 -16.54260634328358 0 1 0 0
0 1 1 -32.52985074626866 169566.9240904851 -18.04260634328358 0 1 0 0
0 1 0 -12.529850746268657 -1728.0759095149115 -19.04260634328358 0 1 0 0
0 1 0 -30.529850746268657 195256.9240904851 -18.54260634328358 0 1 0 0
0 1 1 -20.529850746268657 347825.9240904851 -17.04260634328358 0 1 0 0
0 1 1 -15.529850746268657 414964.9240904851 -19.04260634328358 0 1 0 0
1 0 1 8.470149253731343 -50082.23215951491 0.8573936567164182 1 0 0 0
1 0 0 17.470149253731343 -136029.1384095149 14.357393656716418 1 0 0 0
1 0 1 13.470149253731343 -203856.9196595149 -3.2926063432835804 1 0 0 0
1 0 0 19.470149253731343 -226136.9821595149 7.607393656716418 1 0 0 0
0 1 1 7.470149253731343 15629.299090485089 5.107393656716418 1 0 0 0
0 1 0 9.470149253731343 -188002.2321595149 11.407393656716422 1 0 0 0
1 0 1 10.470149253731343 183775.7365904851 0.9073936567164189 1 0 0 0
1 0 1 16.470149253731343 43737.58034048509 10.00739365671642 1 0 0 0
1 0 1 11.470149253731343 -25507.57590951491 10.157393656716419 1 0 0 0
0 1 1 12.470149253731343 -143424.8259095149 -4.49260634328358 1 0 0 0
1 0 1 15.470149253731343 -150559.0759095149 12.007393656716417 1 0 0 0
0 1 1 8.470149253731343 131038.61159048509 8.70739365671642 1 0 0 0
0 1 0 13.470149253731343 -251247.0446595149 4.157393656716419 1 0 0 0
1 0 0 9.470149253731343 -211829.7321595149 6.107393656716418 1 0 0 0
0 1 1 13.470149253731343 -116880.70090951491 12.907393656716422 1 0 0 0
1 0 0 9.470149253731343 -295754.7946595149 1.7073936567164196 1 0 0 0
1 0 0 15.470149253731343 -180338.9509095149 -4.842606343283581 1 0 0 0
0 1 1 13.470149253731343 179071.4865904851 -2.2426063432835797 1 0 0 0
0 1 1 8.470149253731343 -44631.29465951491 14.20739365671642 1 0 0 0
0 1 1 6.470149253731343 -119154.10715951491 5.157393656716419 1 0 0 0
1 0 0 16.470149253731343 -37238.26340951491 10.107393656716418 1 0 0 0
1 0 0 8.470149253731343 -152071.7634095149 15.107393656716418 1 0 0 0
1 0 0 13.470149253731343 -367760.3259095149 2.157393656716419 1 0 0 0
0 1 1 7.470149253731343 177329.8615904851 2.5073936567164203 1 0 0 0
0 1 1 17.470149253731343 -102849.04465951491 1.2573936567164203 1 0 0 0
0 1 0 11.470149253731343 -236658.8259095149 1.3573936567164182 1 0 0 0
1 0 1 10.470149253731343 -113217.29465951491 -15.092606343283581 1 0 0 0
1 0 0 10.470149253731343 -336115.0759095149 0.1073936567164182 1 0 0 0
1 0 0 17.470149253731343 -106922.54465951491 18.45739365671642 1 0 0 0
0 1 1 10.470149253731343 -41807.32590951491 -0.2926063432835804 1 0 0 0
1 0 1 12.470149253731343 -67110.91965951491 12.857393656716418 1 0 0 0
0 1 1 14.470149253731343 -280589.6696595149 14.157393656716422 1 0 0 0
1 0 0 8.470149253731343 -219964.1384095149 1.4573936567164196 1 0 0 0
1 0 1 6.470149253731343 -45072.26340951491 7.25739365671642 1 0 0 0
0 1 1 7.470149253731343 -56460.95090951491 6.107393656716418 1 0 0 0
1 0 1 17.470149253731343 -177469.9196595149 20.257393656716417 1 0 0 0
1 0 1 20.470149253731343 23660.26784048509 13.907393656716422 1 0 0 0
1 0 0 18.470149253731343 -31779.35715951491 14.95739365671642 1 0 0 0
1 0 1 17.470149253731343 29768.67409048509 -2.2426063432835797 1 0 0 0
0 1 0 19.470149253731343 -181461.2634095149 19.157393656716422 1 0 0 0
1 0 0 19.470149253731343 -285520.9509095149 3.5073936567164203 1 0 0 0
0 1 0 10.470149253731343 -425528.2634095149 19.407393656716422 1 0 0 0
0 1 1 12.470149253731343 -37570.45090951491 -0.7926063432835804 1 0 0 0
1 0 0 19.470149253731343 -400879.3884095149 23.007393656716417 1 0 0 0
0 1 1 12.470149253731343 43759.61159048509 11.20739365671642 1 0 0 0
1 0 1 16.470149253731343 -94894.88840951491 -2.592606343283581 1 0 0 0
0 1 0 11.470149253731343 -174160.8884095149 17.107393656716418 1 0 0 0
1 0 1 7.470149253731343 -122844.98215951491 -16.99260634328358 1 0 0 0
0 1 0 10.470149253731343 -251534.2009095149 15.857393656716418 1 0 0 0
0 1 1 9.470149253731343 -5395.1071595149115 0.7073936567164196 1 0 0 0
1 0 0 8.470149253731343 -489171.3571595149 -2.142606343283582 1 0 0 0
1 0 0 8.470149253731343 -109771.20090951491 -7.89260634328358 1 0 0 0
1 0 0 17.470149253731343 -137795.4509095149 14.757393656716417 1 0 0 0
1 0 1 17.470149253731343 -217317.7009095149 7.907393656716419 1 0 0 0
0 1 0 6.470149253731343 -153184.2009095149 -2.642606343283582 1 0 0 0
1 0 1 8.470149253731343 153923.2990904851 14.757393656716417 1 0 0 0
1 0 1 21.470149253731343 -175184.9821595149 2.107393656716418 1 0 0 0
0 1 1 20.470149253731343 50812.45534048509 6.45739365671642 1 0 0 0
0 1 1 14.470149253731343 -80525.82590951491 15.70739365671642 1 0 0 0
0 1 1 10.470149253731343 212922.1115904851 10.20739365671642 1 0 0 0
1 0 1 20.470149253731343 -121266.63840951491 8.50739365671642 1 0 0 0
0 1 0 16.470149253731343 -299785.9509095149 1.7573936567164203 1 0 0 0
1 0 1 16.470149253731343 119052.01784048509 10.907393656716419 1 0 0 0
1 0 0 10.470149253731343 -354332.2009095149 28.45739365671642 1 0 0 0
1 0 0 12.470149253731343 -94894.88840951491 6.20739365671642 1 0 0 0
0 1 1 15.470149253731343 14485.111590485089 6.45739365671642 1 0 0 0
1 0 0 16.470149253731343 -91037.95090951491 1.8573936567164182 1 0 0 0
1 0 1 16.470149253731343 -23697.07590951491 14.757393656716417 1 0 0 0
1 0 1 9.470149253731343 -71323.07590951491 -3.4926063432835797 1 0 0 0
1 0 1 19.470149253731343 -183869.8884095149 2.657393656716419 1 0 0 0
0 1 1 10.470149253731343 77310.76784048509 -1.342606343283581 1 0 0 0
1 0 1 5.470149253731343 -81779.66965951491 -0.6426063432835818 1 0 0 0
0 1 1 14.470149253731343 -100797.29465951491 14.607393656716418 1 0 0 0
1 0 0 13.470149253731343 77066.89284048509 0.9573936567164196 1 0 0 0
1 0 1 7.470149253731343 -177226.1384095149 -9.79260634328358 1 0 0 0
1 0 1 9.470149253731343 54232.08034048509 9.95739365671642 1 0 0 0
1 0 1 10.470149253731343 -14451.950909514911 11.357393656716418 1 0 0 0
0 1 1 9.470149253731343 -45951.32590951491 10.50739365671642 1 0 0 0
1 0 1 18.470149253731343 -29449.29465951491 -8.79260634328358 1 0 0 0
1 0 1 20.470149253731343 -225965.4509095149 16.757393656716417 1 0 0 0
1 0 0 17.470149253731343 -106391.38840951491 7.00739365671642 1 0 0 0
0 1 1 15.470149253731343 82722.86159048509 19.95739365671642 1 0 0 0
1 0 1 16.470149253731343 192287.4865904851 -4.74260634328358 1 0 0 0
1 0 1 10.470149253731343 44327.73659048509 -0.5426063432835804 1 0 0 0
0 1 1 18.470149253731343 -6382.9509095149115 -1.9926063432835797 1 0 0 0
0 1 0 6.470149253731343 -87090.82590951491 -14.29260634328358 1 0 0 0
1 0 1 9.470149253731343 -126245.04465951491 2.657393656716419 1 0 0 0
0 1 0 11.470149253731343 -205267.2009095149 5.20739365671642 1 0 0 0
0 1 1 20.470149253731343 48898.61159048509 13.857393656716418 1 0 0 0
1 0 1 14.470149253731343 18787.39284048509 6.20739365671642 1 0 0 0
0 1 1 7.470149253731343 65044.70534048509 -3.9926063432835797 1 0 0 0
1 0 0 11.470149253731343 -223457.7946595149 -4.392606343283582 1 0 0 0
1 0 0 9.470149253731343 -224433.3259095149 -6.092606343283581 1 0 0 0
1 0 1 10.470149253731343 -200688.3571595149 21.657393656716422 1 0 0 0
0 1 1 14.470149253731343 -88711.48215951491 -9.79260634328358 1 0 0 0
0 1 1 8.470149253731343 -207207.5446595149 3.2573936567164203 1 0 0 0
0 1 1 14.470149253731343 39709.23659048509 8.107393656716418 1 0 0 0
0 1 1 9.470149253731343 27826.54909048509 7.157393656716419 1 0 0 0
1 0 0 11.470149253731343 -292298.2946595149 18.257393656716417 1 0 0 0
0 1 1 17.470149253731343 -61682.13840951491 13.007393656716417 1 0 0 0
0 1 0 13.470149253731343 -351296.2321595149 22.107393656716418 1 0 0 0
1 0 0 8.470149253731343 -180134.9509095149 0.7573936567164203 1 0 0 0
1 0 1 15.470149253731343 22527.64284048509 10.107393656716418 1 0 0 0
1 0 1 16.470149253731343 -74864.60715951491 9.70739365671642 1 0 0 0
1 0 1 13.470149253731343 -121182.88840951491 17.257393656716417 1 0 0 0
0 1 1 12.470149253731343 -152186.6696595149 18.607393656716418 1 0 0 0
1 0 0 18.470149253731343 -325814.9196595149 12.70739365671642 1 0 0 0
1 0 1 11.470149253731343 110607.45534048509 14.95739365671642 1 0 0 0
1 0 0 13.470149253731343 -248678.4509095149 11.107393656716418 1 0 0 0
1 0 1 16.470149253731343 68194.67409048509 19.95739365671642 1 0 0 0
0 1 1 11.470149253731343 250829.4240904851 5.357393656716418 1 0 0 0
0 1 0 10.470149253731343 -50416.26340951491 5.157393656716419 1 0 0 0
0 1 0 11.470149253731343 -170315.0446595149 -3.842606343283581 1 0 0 0
0 1 1 18.470149253731343 173265.3303404851 5.357393656716418 1 0 0 0
1 0 0 9.470149253731343 -291577.1384095149 24.157393656716422 1 0 0 0
0 1 1 7.470149253731343 -107816.63840951491 13.95739365671642 1 0 0 0
1 0 0 14.470149253731343 -178358.8884095149 17.357393656716418 1 0 0 0
0 1 0 10.470149253731343 -473050.9509095149 3.5073936567164203 1 0 0 0
1 0 1 17.470149253731343 109051.45534048509 -5.842606343283581 1 0 0 0
1 0 0 12.470149253731343 -191752.5134095149 5.857393656716418 1 0 0 0
1 0 0 16.470149253731343 -144463.1071595149 -0.24260634328357966 1 0 0 0
0 1 0 11.470149253731343 -292942.3571595149 -3.142606343283582 1 0 0 0
1 0 1 10.470149253731343 -94394.82590951491 6.857393656716418 1 0 0 0
1 0 0 18.470149253731343 -337725.8884095149 21.857393656716418 1 0 0 0
0 1 1 16.470149253731343 144418.7365904851 20.507393656716417 1 0 0 0
1 0 1 15.470149253731343 -199220.6696595149 7.157393656716419 1 0 0 0
0 1 1 18.470149253731343 -94089.95090951491 21.95739365671642 1 0 0 0
1 0 1 15.470149253731343 -161297.4821595149 9.407393656716419 1 0 0 0
1 0 0 10.470149253731343 -223366.8259095149 -4.642606343283582 1 0 0 0
0 1 0 17.470149253731343 -105862.07590951491 17.757393656716417 1 0 0 0
0 1 1 7.470149253731343 149355.1115904851 -5.592606343283581 1 0 0 0
1 0 0 7.470149253731343 -110941.07590951491 -3.592606343283581 1 0 0 0
0 1 0 15.470149253731343 -281447.6696595149 2.407393656716419 1 0 0 0
0 1 1 15.470149253731343 -169302.8571595149 17.157393656716422 1 0 0 0
1 0 0 16.470149253731343 -117253.51340951491 2.657393656716419 1 0 0 0
0 1 0 9.470149253731343 -105406.16965951491 13.107393656716418 1 0 0 0
0 1 1 -2.5298507462686572 98764.92409048509 2.0823936567164196 0 0 0 1
0 1 0 7.470149253731343 -189258.0759095149 6.45739365671642 0 0 0 1
0 1 1 -3.5298507462686572 444701.9240904851 14.58239365671642 0 0 0 1
0 1 0 4.470149253731343 -47875.07590951491 14.89489365671642 0 0 0 1
0 1 0 2.4701492537313428 -243103.0759095149 8.45739365671642 0 0 0 1
0 1 1 -21.529850746268657 153886.3303404851 -12.54260634328358 0 0 0 0
0 1 1 -18.529850746268657 311305.2990904851 -13.54260634328358 0 0 0 0
1 0 1 -34.52985074626866 585575.7365904851 -10.04260634328358 0 0 0 0
0 1 1 -34.52985074626866 190649.4553404851 -16.54260634328358 0 0 0 0
0 1 1 -18.529850746268657 352545.9865904851 -12.04260634328358 0 0 0 0
0 1 1 -26.529850746268657 232407.3303404851 -12.54260634328358 0 0 0 0
1 0 1 -23.529850746268657 165241.9240904851 -15.54260634328358 0 0 0 0
0 1 1 -34.52985074626866 195603.1428404851 -11.04260634328358 0 0 0 0
0 1 1 -23.529850746268657 142763.5803404851 -16.54260634328358 0 0 0 0
1 0 1 -17.529850746268657 14011.924090485089 -10.04260634328358 0 0 0 0
1 0 1 -15.529850746268657 170888.5803404851 -14.04260634328358 0 0 0 0
0 1 1 -32.52985074626866 586820.9240904851 -11.54260634328358 0 0 0 0
0 1 0 -5.529850746268657 167704.2053404851 -12.04260634328358 0 0 0 0
1 0 1 3.4701492537313428 241745.8615904851 -8.54260634328358 0 0 0 0
1 0 0 -18.529850746268657 66032.70534048509 -9.04260634328358 0 0 0 0
1 0 0 -8.529850746268657 121119.08034048509 -5.54260634328358 0 0 0 0
0 1 1 -28.529850746268657 299570.3303404851 -9.04260634328358 0 0 0 0
0 1 0 -13.529850746268657 -132928.9509095149 -7.04260634328358 0 0 0 0
0 1 1 -6.529850746268657 116487.89284048509 -12.04260634328358 0 0 0 0
0 1 0 -13.529850746268657 -104231.10715951491 -12.54260634328358 0 0 0 0
0 1 1 -12.529850746268657 163261.6428404851 -13.54260634328358 0 0 0 0
0 1 1 -20.529850746268657 230290.9240904851 -9.54260634328358 0 0 0 0
0 1 1 -15.529850746268657 100098.17409048509 -9.79260634328358 0 0 0 0
0 1 0 -16.529850746268657 -54150.16965951491 -19.04260634328358 0 0 0 0
1 0 0 -16.529850746268657 130434.36159048509 -17.54260634328358 0 0 0 0
1 0 1 -36.52985074626866 314724.7990904851 -11.54260634328358 0 0 0 0
1 0 1 -18.529850746268657 258756.3303404851 -13.54260634328358 0 0 0 0
1 0 1 -14.529850746268657 82815.36159048509 -8.54260634328358 0 0 0 0
1 0 1 -27.529850746268657 332293.1740904851 -17.04260634328358 0 0 0 0
0 1 0 -3.5298507462686572 -106799.23215951491 -7.54260634328358 0 0 0 0
1 0 1 -7.529850746268657 486888.0490904851 -15.04260634328358 0 0 0 0
1 0 1 -24.529850746268657 171086.7053404851 -16.04260634328358 0 0 0 0
1 0 0 -11.529850746268657 -64718.48215951491 -17.04260634328358 0 0 0 0
1 0 1 -32.52985074626866 637650.2990904851 -14.04260634328358 0 0 0 0
0 1 1 -34.52985074626866 296185.6115904851 -12.54260634328358 0 0 0 0
1 0 1 -34.52985074626866 138409.7678404851 -13.54260634328358 0 0 0 0
1 0 1 -21.529850746268657 291157.7365904851 -17.54260634328358 0 0 0 0
1 0 1 -3.5298507462686572 157675.7990904851 -14.04260634328358 0 0 0 0
1 0 0 -1.5298507462686572 -230929.4509095149 -14.04260634328358 0 0 0 0
1 0 0 -13.529850746268657 -82043.23215951491 -10.54260634328358 0 0 0 0
1 0 0 -4.529850746268657 -38895.85715951491 -6.04260634328358 0 0 0 0
1 0 1 -18.529850746268657 -126109.38840951491 -10.05960634328358 0 0 1 0
0 1 0 5.470149253731343 -106364.45090951491 11.194393656716422 0 0 1 0
0 1 1 -25.529850746268657 174857.8303404851 -2.53360634328358 0 0 1 0
0 1 1 -5.529850746268657 28034.92409048509 7.929393656716421 0 0 1 0
0 1 1 -7.529850746268657 30792.98659048509 0.14039365671641946 0 0 1 0
0 1 1 -1.5298507462686572 19487.20534048509 -2.1066063432835804 0 0 1 0
0 1 1 -2.5298507462686572 -3052.8571595149115 7.2313936567164205 0 0 1 0
0 1 1 -16.529850746268657 306723.4865904851 -1.3436063432835788 0 0 1 0
0 1 1 6.470149253731343 189969.8303404851 3.147393656716421 0 0 1 0
0 1 0 -8.529850746268657 -121586.88840951491 10.939393656716419 0 0 1 0
0 1 1 -8.529850746268657 205263.8615904851 -2.025606343283581 0 0 1 0
0 1 1 1.4701492537313428 48677.26784048509 14.60939365671642 0 0 1 0
0 1 1 3.4701492537313428 160765.4240904851 6.682393656716421 0 0 1 0
0 1 1 -20.529850746268657 90210.76784048509 -6.13260634328358 0 0 1 0
0 1 1 -14.529850746268657 290446.0803404851 -10.42560634328358 0 0 1 0
1 0 1 15.470149253731343 -25503.38840951491 38.36539365671642 0 0 1 0
0 1 1 2.4701492537313428 106818.95534048509 2.304393656716421 0 0 1 0
0 1 1 -8.529850746268657 45232.58034048509 -6.025606343283581 0 0 1 0
1 0 1 5.470149253731343 -17656.51340951491 23.266393656716417 0 0 1 0
0 1 1 -7.529850746268657 360191.1115904851 -6.31560634328358 0 0 1 0
1 0 1 3.4701492537313428 151745.9240904851 1.0823936567164196 0 0 1 0
0 1 1 -6.529850746268657 309706.9240904851 -2.66160634328358 0 0 1 0
0 1 1 4.470149253731343 -42479.63840951491 5.8293936567164195 0 0 1 0
0 1 0 10.470149253731343 -52338.07590951491 31.62139365671642 0 0 1 0
0 1 1 -6.529850746268657 37637.51784048509 -3.2696063432835807 0 0 1 0
0 1 1 10.470149253731343 -126010.10715951491 27.30139365671642 0 0 1 0
0 1 1 3.4701492537313428 -16832.48215951491 -3.4226063432835794 0 0 1 0
0 1 1 -3.5298507462686572 152884.2678404851 -4.968606343283579 0 0 1 0
0 1 1 -10.529850746268657 314066.9240904851 8.33839365671642 0 0 1 0
1 0 1 8.470149253731343 -16463.48215951491 39.36539365671642 0 0 1 0
1 0 0 -33.52985074626866 -72210.57590951491 36.29339365671642 0 0 1 0
1 0 0 4.470149253731343 -96003.73215951491 20.26539365671642 0 0 1 0
1 0 1 2.4701492537313428 203620.6740904851 -11.56160634328358 0 0 1 0
1 0 1 10.470149253731343 23849.26784048509 3.130393656716418 0 0 1 0
0 1 1 1.4701492537313428 71759.92409048509 11.467393656716418 0 0 1 0
0 1 0 -19.529850746268657 129.45534048508853 -9.36960634328358 0 0 1 0
1 0 1 -17.529850746268657 107841.29909048509 -4.051606343283581 0 0 1 0
0 1 1 0.47014925373134275 -30918.29465951491 4.958393656716421 0 0 1 0
1 0 1 2.4701492537313428 189853.4553404851 2.37339365671642 0 0 1 0
1 0 1 3.4701492537313428 54134.11159048509 -0.20660634328358185 0 0 1 0
